Traditional Folk:                    0.9 : 9
Spiritual:                           0.9 : 9
Folk-Pop:                            0.8625 : 8
Motivation:                          0.825 : 7
Calm/Peaceful:                       0.7875000000000001 : 6
Pastoral:                            0.7875000000000001 : 6
Precious:                            0.7875000000000001 : 6
Refined:                             0.7875000000000001 : 6
Sentimental:                         0.7875000000000001 : 6
Soothing:                            0.7875000000000001 : 6
Warm:                                0.7875000000000001 : 6
Affection/Fondness:                  0.7875000000000001 : 6
Affirmation:                         0.7875000000000001 : 6
Empowering:                          0.7875000000000001 : 6
Amiable/Good-Natured:                0.75 : 5
Gentle:                              0.75 : 5
Poignant:                            0.75 : 5
Relaxed:                             0.75 : 5
Nocturnal:                           0.6 : 1
Sad:                                 0.6 : 1
Weary:                               0.6 : 1
Night Driving:                       0.6 : 1
Regret:                              0.6 : 1
Travel:                              0.6 : 1
