Bluebeat:                            0.9000000000000001 : 8
Ska:                                 0.9000000000000001 : 8
Exuberant:                           0.9000000000000001 : 8
Lively:                              0.9000000000000001 : 8
Rousing:                             0.9000000000000001 : 8
Summery:                             0.9000000000000001 : 8
Boisterous:                          0.8250000000000001 : 7
Celebratory:                         0.8250000000000001 : 7
Energetic:                           0.8250000000000001 : 7
Amiable/Good-Natured:                0.75 : 6
Freewheeling:                        0.75 : 6
Playful_mood:                        0.75 : 6
Rambunctious:                        0.75 : 6
Cheerful:                            0.675 : 5
Fun:                                 0.675 : 5
Pool Party:                          0.675 : 5
Summer:                              0.675 : 5
Bright:                              0.6 : 4
