Club/Dance:                          0.9 : 9
Urban:                               0.9 : 9
Bright:                              0.9 : 9
Energetic:                           0.9 : 9
Sweet:                               0.9 : 9
Warm:                                0.9 : 9
Partying:                            0.9 : 9
Summer:                              0.9 : 9
TGIF:                                0.9 : 9
Summery:                             0.8625 : 8
Amiable/Good-Natured:                0.8250000000000001 : 7
Joyous:                              0.8250000000000001 : 7
Happy:                               0.7875 : 6
Lively:                              0.7875 : 6
Smooth:                              0.7875 : 6
Soothing:                            0.7875 : 6
Slick:                               0.75 : 5
Sophisticated:                       0.75 : 5
Light:                               0.7125 : 4
Playful_mood:                        0.7125 : 4
Post-Disco:                          0.6 : 1
