Acoustic Chicago Blues:              0.9 : 9
Regional Blues:                      0.9 : 9
Confrontational:                     0.9 : 9
Acoustic Blues:                      0.8500000000000001 : 8
Blues Revival:                       0.8500000000000001 : 8
Country Blues:                       0.8500000000000001 : 8
Confident:                           0.8500000000000001 : 8
Organic:                             0.8500000000000001 : 8
Sunday Afternoon:                    0.8500000000000001 : 8
Brash:                               0.8 : 7
Relaxation:                          0.8 : 7
Street-Smart:                        0.75 : 6
Earthy:                              0.7 : 5
Passionate:                          0.7 : 5
Gritty:                              0.65 : 4
Uncompromising:                      0.6 : 3
