Children's Folk:                     0.9 : 8
Amiable/Good-Natured:                0.9 : 8
Cheerful:                            0.9 : 8
Bright:                              0.8 : 7
Gentle:                              0.8 : 7
Playful_mood:                        0.8 : 7
Relaxed:                             0.8 : 7
Whimsical:                           0.8 : 7
Hanging Out:                         0.8 : 7
Carefree:                            0.7000000000000001 : 6
Fun:                                 0.7000000000000001 : 6
Laid-Back/Mellow:                    0.7000000000000001 : 6
Sweet:                               0.7000000000000001 : 6
Playful:                             0.7000000000000001 : 6
Sing-Alongs:                         0.6 : 5
Organic:                             0.6 : 5
Family Gatherings:                   0.6 : 5
