Folk-Pop:                            0.9000000000000001 : 9
Traditional Folk:                    0.9000000000000001 : 9
Wistful:                             0.825 : 8
Yearning:                            0.825 : 8
Motivation:                          0.75 : 7
Calm/Peaceful:                       0.6749999999999999 : 6
Pastoral:                            0.6749999999999999 : 6
Precious:                            0.6749999999999999 : 6
Refined:                             0.6749999999999999 : 6
Sentimental:                         0.6749999999999999 : 6
Soothing:                            0.6749999999999999 : 6
Warm:                                0.6749999999999999 : 6
Affirmation:                         0.6749999999999999 : 6
Empowering:                          0.6749999999999999 : 6
Amiable/Good-Natured:                0.6 : 5
Gentle:                              0.6 : 5
Poignant:                            0.6 : 5
Relaxed:                             0.6 : 5
