Album Rock:                          0.9 : 9
Contemporary Pop/Rock:               0.9 : 9
Ambitious:                           0.9 : 9
Bittersweet:                         0.9 : 9
Campy:                               0.9 : 9
Dramatic:                            0.9 : 9
Eccentric:                           0.9 : 9
Elaborate:                           0.9 : 9
Epic:                                0.9 : 9
Freewheeling:                        0.9 : 9
Indulgent:                           0.9 : 9
Lush:                                0.9 : 9
Playful_mood:                        0.9 : 9
Quirky:                              0.9 : 9
Rousing:                             0.9 : 9
Silly:                               0.9 : 9
Sprawling:                           0.9 : 9
Theatrical:                          0.9 : 9
Volatile:                            0.9 : 9
Playful:                             0.9 : 9
Sophisticated:                       0.825 : 7
Whimsical:                           0.825 : 7
Humorous:                            0.7875 : 6
Exuberant:                           0.75 : 5
Outrageous:                          0.75 : 5
Plaintive:                           0.75 : 5
Stylish:                             0.75 : 5
Warm:                                0.75 : 5
Wistful:                             0.75 : 5
Yearning:                            0.75 : 5
Feeling Blue:                        0.75 : 5
Reminiscing:                         0.75 : 5
Road Trip:                           0.75 : 5
British Metal:                       0.6749999999999999 : 3
Heavy Metal:                         0.6749999999999999 : 3
Art Rock:                            0.6 : 1
Prog-Rock:                           0.6 : 1
Glam Rock:                           0.6 : 1
Hard Rock:                           0.6 : 1
The Creative Side:                   0.6 : 1
