Contemporary Country:                0.9 : 9
Celebratory:                         0.9 : 9
Cheerful:                            0.9 : 9
Fun:                                 0.9 : 9
Lively:                              0.9 : 9
Playful_mood:                        0.9 : 9
Rollicking:                          0.9 : 9
Swaggering:                          0.9 : 9
Cool & Cocky:                        0.9 : 9
Guys Night Out:                      0.9 : 9
Hanging Out:                         0.9 : 9
Partying:                            0.9 : 9
TGIF:                                0.9 : 9
Boisterous:                          0.8400000000000001 : 8
Carefree:                            0.8400000000000001 : 8
Joyous:                              0.8400000000000001 : 8
New Traditionalist:                  0.78 : 7
Amiable/Good-Natured:                0.78 : 7
Happy:                               0.78 : 7
Rowdy:                               0.6 : 4
