Big Band:                            0.9 : 9
Dramatic:                            0.9 : 9
Earthy:                              0.9 : 9
Ethereal:                            0.9 : 9
Indulgent:                           0.9 : 9
Intense:                             0.9 : 9
Light:                               0.9 : 9
Lively:                              0.9 : 9
Lush:                                0.9 : 9
Nocturnal:                           0.9 : 9
Organic:                             0.9 : 9
Passionate:                          0.9 : 9
Poignant:                            0.9 : 9
Provocative:                         0.9 : 9
Romantic:                            0.9 : 9
Sophisticated:                       0.9 : 9
Visceral:                            0.9 : 9
Warm:                                0.9 : 9
Whimsical:                           0.9 : 9
Dinner Ambiance:                     0.9 : 9
In Love:                             0.9 : 9
Late Night:                          0.9 : 9
Night Driving:                       0.9 : 9
Relaxation:                          0.9 : 9
Reminiscing:                         0.9 : 9
Romantic Evening:                    0.9 : 9
Seduction:                           0.9 : 9
Summer:                              0.9 : 9
The Creative Side:                   0.9 : 9
Atmospheric:                         0.8500000000000001 : 8
Dreamy:                              0.8500000000000001 : 8
Hypnotic:                            0.8500000000000001 : 8
Stately:                             0.8500000000000001 : 8
Theatrical:                          0.8500000000000001 : 8
Anniversary:                         0.8500000000000001 : 8
Bright:                              0.8 : 7
Freewheeling:                        0.8 : 7
Affection/Fondness:                  0.8 : 7
Early Jazz:                          0.75 : 6
Swing:                               0.75 : 6
Ambitious:                           0.75 : 6
Enigmatic:                           0.75 : 6
Intimate:                            0.75 : 6
Sensual:                             0.75 : 6
Smooth:                              0.75 : 6
Sparkling:                           0.75 : 6
Summery:                             0.75 : 6
Amiable/Good-Natured:                0.7 : 5
Elaborate:                           0.7 : 5
Elegant:                             0.7 : 5
Innocent:                            0.7 : 5
Knotty:                              0.7 : 5
Literate:                            0.7 : 5
Refined:                             0.7 : 5
Reflective:                          0.7 : 5
Sentimental:                         0.7 : 5
Stylish:                             0.7 : 5
Orchestral Jazz:                     0.65 : 4
Complex:                             0.65 : 4
Confident:                           0.65 : 4
Relaxed:                             0.65 : 4
Progressive Big Band:                0.6 : 3
Progressive Jazz:                    0.6 : 3
