Club/Dance:                          0.9000000000000001 : 9
Hardcore Techno:                     0.9000000000000001 : 9
Rave:                                0.825 : 8
Fun:                                 0.825 : 8
Boisterous:                          0.75 : 7
Energetic:                           0.75 : 7
Quirky:                              0.75 : 7
Rousing:                             0.75 : 7
Club:                                0.75 : 7
Playful:                             0.75 : 7
Techno:                              0.6749999999999999 : 6
Cheerful:                            0.6749999999999999 : 6
Fractured:                           0.6749999999999999 : 6
Hypnotic:                            0.6749999999999999 : 6
Lively:                              0.6749999999999999 : 6
Partying:                            0.6749999999999999 : 6
Playful_mood:                        0.6 : 5
Rowdy:                               0.6 : 5
