Dance-Pop:                           0.9 : 9
Urban:                               0.9 : 9
Lively:                              0.9 : 9
Sexy:                                0.9 : 9
Smooth:                              0.9 : 9
Sophisticated:                       0.9 : 9
Stylish:                             0.9 : 9
Girls Night Out:                     0.9 : 9
Hypnotic:                            0.84 : 8
Intimate:                            0.84 : 8
Brash:                               0.78 : 7
Bright:                              0.78 : 7
Carefree:                            0.78 : 7
Light:                               0.78 : 7
Lush:                                0.78 : 7
Swaggering:                          0.78 : 7
Warm:                                0.78 : 7
Mischievous:                         0.78 : 7
Slick:                               0.6599999999999999 : 5
In Love:                             0.6599999999999999 : 5
Jealousy:                            0.6599999999999999 : 5
Sex:                                 0.6599999999999999 : 5
Sensual:                             0.6 : 4
