Celebratory:                         0.9000000000000001 : 9
Joyous:                              0.9000000000000001 : 9
Rousing:                             0.9000000000000001 : 9
Summery:                             0.9000000000000001 : 9
Freedom:                             0.9000000000000001 : 9
Girls Night Out:                     0.9000000000000001 : 9
Motown:                              0.84 : 8
Pop-Soul:                            0.84 : 8
Soul:                                0.84 : 8
Boisterous:                          0.84 : 8
Brash:                               0.84 : 8
Lively:                              0.84 : 8
Playful_mood:                        0.84 : 8
Swaggering:                          0.84 : 8
Housework:                           0.84 : 8
Motivation:                          0.84 : 8
Summer:                              0.84 : 8
Girl Groups:                         0.78 : 7
Teen Pop:                            0.78 : 7
Aggressive:                          0.78 : 7
Amiable/Good-Natured:                0.78 : 7
Confident:                           0.78 : 7
Energetic:                           0.78 : 7
Fun:                                 0.78 : 7
Innocent:                            0.78 : 7
Intense:                             0.78 : 7
Passionate:                          0.78 : 7
Rollicking:                          0.78 : 7
Street-Smart:                        0.78 : 7
Sweet:                               0.78 : 7
Celebration:                         0.78 : 7
Exercise/Workout:                    0.78 : 7
Hanging Out:                         0.78 : 7
Partying:                            0.78 : 7
Pool Party:                          0.78 : 7
TGIF:                                0.78 : 7
Carefree:                            0.72 : 6
Cheerful:                            0.72 : 6
Exuberant:                           0.72 : 6
Freewheeling:                        0.72 : 6
Gritty:                              0.72 : 6
Happy:                               0.72 : 6
Contemporary Pop/Rock:               0.6 : 4
Early Pop/Rock:                      0.6 : 4
