Earnest:                             0.9 : 9
Smooth:                              0.9 : 9
Stylish:                             0.9 : 9
Feeling Blue:                        0.9 : 9
Guys Night Out:                      0.9 : 9
Late Night:                          0.9 : 9
Reflection:                          0.9 : 9
Contemporary Country:                0.8250000000000001 : 8
New Traditionalist:                  0.8250000000000001 : 8
Earthy:                              0.8250000000000001 : 8
Plaintive:                           0.8250000000000001 : 8
Slick:                               0.8250000000000001 : 8
Reflective:                          0.75 : 7
Rustic:                              0.75 : 7
Sentimental:                         0.75 : 7
Warm:                                0.75 : 7
Light:                               0.6749999999999999 : 6
Restrained:                          0.6749999999999999 : 6
Melancholy:                          0.6 : 5
Refined:                             0.6 : 5
