Club/Dance:                          0.9 : 9
Carefree:                            0.9 : 9
Sensual:                             0.9 : 9
Sparkling:                           0.9 : 9
Club:                                0.9 : 9
Partying:                            0.9 : 9
Sex:                                 0.9 : 9
Disco:                               0.8400000000000001 : 8
Urban:                               0.8400000000000001 : 8
Celebratory:                         0.8400000000000001 : 8
Exuberant:                           0.8400000000000001 : 8
Gleeful:                             0.8400000000000001 : 8
Joyous:                              0.8400000000000001 : 8
Passionate:                          0.8400000000000001 : 8
Stylish:                             0.8400000000000001 : 8
Contemporary Pop/Rock:               0.78 : 7
Boisterous:                          0.78 : 7
Confident:                           0.78 : 7
Giddy:                               0.78 : 7
Lively:                              0.78 : 7
Rousing:                             0.78 : 7
Smooth:                              0.78 : 7
Motivation:                          0.78 : 7
Energetic:                           0.72 : 6
Freewheeling:                        0.72 : 6
Hedonistic:                          0.72 : 6
Sugary:                              0.72 : 6
Intimate:                            0.6599999999999999 : 5
In Love:                             0.6599999999999999 : 5
Soul:                                0.6 : 4
