Amiable/Good-Natured:                0.9 : 9
In Love:                             0.9 : 9
New Traditionalist:                  0.8400000000000001 : 8
Gentle:                              0.8400000000000001 : 8
Introspection:                       0.8400000000000001 : 8
Reflective:                          0.78 : 7
Smooth:                              0.78 : 7
Contemporary Country:                0.72 : 6
Earnest:                             0.72 : 6
Romantic:                            0.72 : 6
Central European Traditions:         0.66 : 5
German:                              0.66 : 5
Autumnal:                            0.66 : 5
Passionate:                          0.66 : 5
Refined:                             0.66 : 5
Yearning:                            0.66 : 5
Sweet Dreams:                        0.6 : 4
