Brash:                               0.9 : 9
Earnest:                             0.9 : 9
Gritty:                              0.9 : 9
Sexual:                              0.9 : 9
Cool & Cocky:                        0.9 : 9
Drinking:                            0.9 : 9
Freedom:                             0.9 : 9
Guys Night Out:                      0.9 : 9
Late Night:                          0.9 : 9
TGIF:                                0.9 : 9
Chicago Blues:                       0.8400000000000001 : 8
Electric Chicago Blues:              0.8400000000000001 : 8
Electric Harmonica Blues:            0.8400000000000001 : 8
Harmonica Blues:                     0.8400000000000001 : 8
Regional Blues:                      0.8400000000000001 : 8
Earthy:                              0.8400000000000001 : 8
Gutsy:                               0.8400000000000001 : 8
Relaxed:                             0.8400000000000001 : 8
Rousing:                             0.8400000000000001 : 8
Swaggering:                          0.8400000000000001 : 8
Passionate:                          0.78 : 7
Rollicking:                          0.78 : 7
Street-Smart:                        0.78 : 7
Boisterous:                          0.72 : 6
Freewheeling:                        0.72 : 6
Intense:                             0.72 : 6
Knotty:                              0.72 : 6
Spicy:                               0.72 : 6
Aggressive:                          0.66 : 5
Bravado:                             0.66 : 5
Confident:                           0.66 : 5
Greasy:                              0.66 : 5
Lively:                              0.66 : 5
Organic:                             0.66 : 5
Raucous:                             0.66 : 5
Fiery:                               0.6 : 4
