Bop:                                 0.9 : 9
Bright:                              0.7000000000000001 : 7
Confident:                           0.7000000000000001 : 7
Freewheeling:                        0.7000000000000001 : 7
Street-Smart:                        0.7000000000000001 : 7
Swaggering:                          0.7000000000000001 : 7
