Club/Dance:                          0.9 : 9
Disco:                               0.9 : 9
Amiable/Good-Natured:                0.9 : 9
Boisterous:                          0.9 : 9
Carefree:                            0.9 : 9
Celebratory:                         0.9 : 9
Confident:                           0.9 : 9
Dreamy:                              0.9 : 9
Effervescent:                        0.9 : 9
Fun:                                 0.9 : 9
Joyous:                              0.9 : 9
Lush:                                0.9 : 9
Playful_mood:                        0.9 : 9
Slick:                               0.9 : 9
Smooth:                              0.9 : 9
Sophisticated:                       0.9 : 9
Stylish:                             0.9 : 9
Celebration:                         0.9 : 9
Club:                                0.9 : 9
Girls Night Out:                     0.9 : 9
Sex:                                 0.9 : 9
TGIF:                                0.9 : 9
Dance-Pop:                           0.8250000000000001 : 8
Funk:                                0.8250000000000001 : 8
Energetic:                           0.8250000000000001 : 8
Exuberant:                           0.75 : 7
Happy:                               0.75 : 7
Sparkling:                           0.75 : 7
Warm:                                0.75 : 7
Light:                               0.6749999999999999 : 6
Lively:                              0.6749999999999999 : 6
Relaxed:                             0.6749999999999999 : 6
Rousing:                             0.6749999999999999 : 6
Summery:                             0.6749999999999999 : 6
Adult Contemporary:                  0.6 : 5
Bright:                              0.6 : 5
Cheerful:                            0.6 : 5
Optimistic:                          0.6 : 5
In Love:                             0.6 : 5
Partying:                            0.6 : 5
