Folk Revival:                        0.9 : 8
Folk-Pop:                            0.9 : 8
Innocent:                            0.9 : 8
Happy:                               0.7999999999999999 : 7
Naive:                               0.7999999999999999 : 7
Playful_mood:                        0.7999999999999999 : 7
Summer:                              0.7999999999999999 : 7
Amiable/Good-Natured:                0.7 : 6
Carefree:                            0.7 : 6
Fun:                                 0.7 : 6
Sweet:                               0.7 : 6
Whimsical:                           0.7 : 6
Freedom:                             0.6 : 5
