Roots Reggae:                        0.9 : 8
Hypnotic:                            0.8400000000000001 : 7
Organic:                             0.8400000000000001 : 7
Sensual:                             0.8400000000000001 : 7
Passionate:                          0.78 : 6
Refined:                             0.78 : 6
Gentle:                              0.66 : 4
Reggae-Pop:                          0.6 : 3
