Vocal Pop:                           0.9 : 9
Carefree:                            0.9 : 9
Cheerful:                            0.9 : 9
Light:                               0.9 : 9
Lively:                              0.9 : 9
Playful_mood:                        0.9 : 9
Silly:                               0.9 : 9
Picnic:                              0.9 : 9
Energetic:                           0.825 : 8
Fun:                                 0.825 : 8
Gleeful:                             0.825 : 8
Traditional Pop:                     0.75 : 7
Happy:                               0.75 : 7
Quirky:                              0.75 : 7
Sparkling:                           0.75 : 7
Sweet:                               0.75 : 7
Whimsical:                           0.75 : 7
Family Gatherings:                   0.75 : 7
Giddy:                               0.6749999999999999 : 6
Humorous:                            0.6749999999999999 : 6
Spring:                              0.6749999999999999 : 6
Boisterous:                          0.6 : 5
Naive:                               0.6 : 5
