Bittersweet:                         0.9 : 9
Intimate:                            0.9 : 9
Laid-Back/Mellow:                    0.9 : 9
Lush:                                0.9 : 9
Plaintive:                           0.9 : 9
Affirmation:                         0.9 : 9
Late Night:                          0.9 : 9
Sex:                                 0.9 : 9
Slow Dance:                          0.9 : 9
Philly Soul:                         0.7999999999999999 : 8
Smooth Soul:                         0.7999999999999999 : 8
Soul:                                0.7999999999999999 : 8
Elegant:                             0.7999999999999999 : 8
Poignant:                            0.7999999999999999 : 8
Reflective:                          0.7999999999999999 : 8
Restrained:                          0.7999999999999999 : 8
Sensual:                             0.7999999999999999 : 8
Sexy:                                0.7999999999999999 : 8
Sophisticated:                       0.7999999999999999 : 8
Stylish:                             0.7999999999999999 : 8
Romantic Evening:                    0.7999999999999999 : 8
Seduction:                           0.7999999999999999 : 8
Earnest:                             0.7 : 7
Melancholy:                          0.7 : 7
Sad:                                 0.7 : 7
Wistful:                             0.7 : 7
In Love:                             0.7 : 7
Autumnal:                            0.6 : 6
Dramatic:                            0.6 : 6
Nocturnal:                           0.6 : 6
Yearning:                            0.6 : 6
