Traditional Pop:                     0.9 : 9
Calm/Peaceful:                       0.9 : 9
Precious:                            0.9 : 9
Refined:                             0.9 : 9
Smooth:                              0.9 : 9
Soothing:                            0.9 : 9
Affection/Fondness:                  0.9 : 9
Comfort:                             0.9 : 9
Relaxation:                          0.9 : 9
Reminiscing:                         0.9 : 9
Romantic Evening:                    0.9 : 9
Harmony Vocal Group:                 0.8 : 8
Vocal Pop:                           0.8 : 8
Delicate:                            0.8 : 8
Dreamy:                              0.8 : 8
Romantic:                            0.8 : 8
Soft/Quiet:                          0.8 : 8
Warm:                                0.8 : 8
Dramatic:                            0.7000000000000001 : 7
Earnest:                             0.7000000000000001 : 7
Gentle:                              0.7000000000000001 : 7
Innocent:                            0.7000000000000001 : 7
Pastoral:                            0.7000000000000001 : 7
Poignant:                            0.7000000000000001 : 7
Reflective:                          0.7000000000000001 : 7
Sentimental:                         0.7000000000000001 : 7
Sweet:                               0.7000000000000001 : 7
Elegant:                             0.6 : 6
Intimate:                            0.6 : 6
Light:                               0.6 : 6
Nocturnal:                           0.6 : 6
Springlike:                          0.6 : 6
Theatrical:                          0.6 : 6
Stay in Bed:                         0.6 : 6
Sweet Dreams:                        0.6 : 6
