Electronica:                         0.9 : 9
Trip-Hop:                            0.9 : 9
Atmospheric:                         0.8400000000000001 : 8
Cold:                                0.8400000000000001 : 8
Detached:                            0.8400000000000001 : 8
Dreamy:                              0.8400000000000001 : 8
Druggy:                              0.8400000000000001 : 8
Eerie:                               0.8400000000000001 : 8
Enigmatic:                           0.8400000000000001 : 8
Hypnotic:                            0.8400000000000001 : 8
Nocturnal:                           0.8400000000000001 : 8
Ominous:                             0.8400000000000001 : 8
Paranoid:                            0.8400000000000001 : 8
Sexy:                                0.8400000000000001 : 8
Smooth:                              0.8400000000000001 : 8
Sophisticated:                       0.8400000000000001 : 8
Stylish:                             0.8400000000000001 : 8
Trippy:                              0.8400000000000001 : 8
Downtempo:                           0.78 : 7
Aggressive:                          0.78 : 7
Laid-Back/Mellow:                    0.78 : 7
Menacing:                            0.78 : 7
Late Night:                          0.78 : 7
Night Driving:                       0.78 : 7
Reflection:                          0.78 : 7
Sex:                                 0.78 : 7
The Creative Side:                   0.78 : 7
Bleak:                               0.72 : 6
Gentle:                              0.72 : 6
Rousing:                             0.72 : 6
Hanging Out:                         0.72 : 6
Club/Dance:                          0.6 : 4
Restrained:                          0.6 : 4
