Club/Dance:                          0.9 : 9
East Coast Rap:                      0.9 : 9
Boisterous:                          0.9 : 9
Brash:                               0.8625 : 8
Confident:                           0.8625 : 8
Fun:                                 0.8625 : 8
Rambunctious:                        0.8625 : 8
Partying:                            0.8625 : 8
Celebratory:                         0.8250000000000001 : 7
Exciting:                            0.8250000000000001 : 7
Exuberant:                           0.8250000000000001 : 7
Playful_mood:                        0.8250000000000001 : 7
Raucous:                             0.8250000000000001 : 7
Rousing:                             0.8250000000000001 : 7
TGIF:                                0.8250000000000001 : 7
Energetic:                           0.7875 : 6
Street-Smart:                        0.7875 : 6
Swaggering:                          0.7875 : 6
Empowering:                          0.6 : 1
Motivation:                          0.6 : 1
Victory:                             0.6 : 1
