New Acoustic:                        0.9 : 8
Solo Instrumental:                   0.9 : 8
Circular:                            0.9 : 8
Delicate:                            0.9 : 8
Earthy:                              0.9 : 8
Hypnotic:                            0.9 : 8
Sophisticated:                       0.8 : 7
Introspection:                       0.8 : 7
Late Night:                          0.8 : 7
Reflection:                          0.8 : 7
Solitude:                            0.8 : 7
The Creative Side:                   0.8 : 7
Contemporary Instrumental:           0.7000000000000001 : 6
Austere:                             0.7000000000000001 : 6
Complex:                             0.7000000000000001 : 6
Earnest:                             0.7000000000000001 : 6
Elaborate:                           0.7000000000000001 : 6
Intimate:                            0.7000000000000001 : 6
Organic:                             0.7000000000000001 : 6
Plaintive:                           0.7000000000000001 : 6
Refined:                             0.7000000000000001 : 6
Restrained:                          0.7000000000000001 : 6
Soothing:                            0.7000000000000001 : 6
Wintry:                              0.7000000000000001 : 6
Wistful:                             0.7000000000000001 : 6
Yearning:                            0.7000000000000001 : 6
Long Walk:                           0.7000000000000001 : 6
Rainy Day:                           0.7000000000000001 : 6
Sunday Afternoon:                    0.7000000000000001 : 6
Ambitious:                           0.6 : 5
Bright:                              0.6 : 5
Freewheeling:                        0.6 : 5
Melancholy:                          0.6 : 5
At the Office:                       0.6 : 5
