Big Band:                            0.9 : 9
Bright:                              0.9 : 9
Refined:                             0.9 : 9
Celebration:                         0.9 : 9
Comfort:                             0.9 : 9
Late Night:                          0.9 : 9
Partying:                            0.9 : 9
Reminiscing:                         0.9 : 9
Small Gathering:                     0.9 : 9
TGIF:                                0.9 : 9
Mainstream Jazz:                     0.8400000000000001 : 8
Earnest:                             0.8400000000000001 : 8
Earthy:                              0.8400000000000001 : 8
Energetic:                           0.8400000000000001 : 8
Exuberant:                           0.8400000000000001 : 8
Joyous:                              0.8400000000000001 : 8
Sophisticated:                       0.8400000000000001 : 8
Swing:                               0.78 : 7
Organic:                             0.78 : 7
Passionate:                          0.78 : 7
Stylish:                             0.78 : 7
Amiable/Good-Natured:                0.72 : 6
Carefree:                            0.72 : 6
Celebratory:                         0.72 : 6
Light:                               0.72 : 6
Playful_mood:                        0.72 : 6
Early Jazz:                          0.66 : 5
Confident:                           0.66 : 5
Elegant:                             0.66 : 5
Freewheeling:                        0.66 : 5
Fun:                                 0.66 : 5
Lively:                              0.66 : 5
Rollicking:                          0.66 : 5
Rousing:                             0.66 : 5
Rowdy:                               0.66 : 5
Swaggering:                          0.66 : 5
Happy:                               0.6 : 4
