Frat Rock:                           0.9 : 9
Garage Rock:                         0.9 : 9
Celebratory:                         0.9 : 9
Energetic:                           0.9 : 9
Exciting:                            0.9 : 9
Exuberant:                           0.9 : 9
Messy:                               0.9 : 9
Reckless:                            0.9 : 9
Rousing:                             0.9 : 9
Celebration:                         0.9 : 9
Drinking:                            0.9 : 9
Late Night:                          0.9 : 9
Partying:                            0.9 : 9
TGIF:                                0.9 : 9
Psychedelic/Garage:                  0.8625 : 8
Boisterous:                          0.8625 : 8
Freewheeling:                        0.8625 : 8
Fun:                                 0.8625 : 8
Humorous:                            0.8625 : 8
Raucous:                             0.8625 : 8
Rowdy:                               0.8625 : 8
Urgent:                              0.8625 : 8
Visceral:                            0.8625 : 8
Guys Night Out:                      0.8625 : 8
Amiable/Good-Natured:                0.8250000000000001 : 7
Bravado:                             0.8250000000000001 : 7
Rebellious:                          0.8250000000000001 : 7
Brash:                               0.7875 : 6
Fierce:                              0.7875 : 6
Manic:                               0.7875 : 6
Playful_mood:                        0.7875 : 6
Rambunctious:                        0.7875 : 6
Swaggering:                          0.7875 : 6
At the Beach:                        0.75 : 5
Cool & Cocky:                        0.75 : 5
Day Driving:                         0.75 : 5
Hanging Out:                         0.75 : 5
Road Trip:                           0.75 : 5
Summer:                              0.75 : 5
Aggressive:                          0.675 : 3
Outrageous:                          0.6375 : 2
Rock & Roll:                         0.6 : 1
