Delta Blues:                         0.9 : 9
Pre-War Blues:                       0.9 : 9
Eerie:                               0.9 : 9
Regional Blues:                      0.8400000000000001 : 8
Bleak:                               0.8400000000000001 : 8
Intense:                             0.8400000000000001 : 8
Plaintive:                           0.8400000000000001 : 8
Feeling Blue:                        0.8400000000000001 : 8
Heartache:                           0.8400000000000001 : 8
Late Night:                          0.8400000000000001 : 8
Country Blues:                       0.78 : 7
Pre-War Country Blues:               0.78 : 7
Ominous:                             0.78 : 7
Visceral:                            0.72 : 6
Reminiscing:                         0.72 : 6
Gloomy:                              0.66 : 5
Gritty:                              0.66 : 5
Tense/Anxious:                       0.66 : 5
Earthy:                              0.6 : 4
Searching:                           0.6 : 4
Somber:                              0.6 : 4
