Dancehall:                           0.9 : 8
Ragga:                               0.9 : 8
Slick:                               0.9 : 8
Swaggering:                          0.9 : 8
Boisterous:                          0.8571428571428572 : 7
Bravado:                             0.8571428571428572 : 7
Confident:                           0.8571428571428572 : 7
Sensual:                             0.8571428571428572 : 7
Seduction:                           0.8571428571428572 : 7
Sex:                                 0.8571428571428572 : 7
Bright:                              0.8142857142857143 : 6
Rousing:                             0.8142857142857143 : 6
Sexy:                                0.8142857142857143 : 6
Stylish:                             0.8142857142857143 : 6
Fun:                                 0.7714285714285715 : 5
Summery:                             0.7714285714285715 : 5
At the Beach:                        0.7714285714285715 : 5
Cool & Cocky:                        0.7714285714285715 : 5
Pool Party:                          0.7714285714285715 : 5
Humorous:                            0.6 : 1
Playful_mood:                        0.6 : 1
Silly:                               0.6 : 1
