Funk:                                0.9 : 8
Pop-Soul:                            0.9 : 8
Exuberant:                           0.8 : 7
Empowering:                          0.8 : 7
Summer:                              0.8 : 7
Soul:                                0.7000000000000001 : 6
Earthy:                              0.7000000000000001 : 6
Fun:                                 0.7000000000000001 : 6
Playful_mood:                        0.7000000000000001 : 6
Summery:                             0.7000000000000001 : 6
Girls Night Out:                     0.7000000000000001 : 6
Brassy:                              0.6 : 5
Bravado:                             0.6 : 5
Bright:                              0.6 : 5
Lively:                              0.6 : 5
Swaggering:                          0.6 : 5
Partying:                            0.6 : 5
