Poignant:                            0.9 : 8
Wry:                                 0.9 : 8
Reflection:                          0.9 : 8
Folk-Rock:                           0.8400000000000001 : 7
Psychedelic/Garage:                  0.8400000000000001 : 7
Bittersweet:                         0.8400000000000001 : 7
Intimate:                            0.8400000000000001 : 7
Literate:                            0.8400000000000001 : 7
Playful_mood:                        0.8400000000000001 : 7
Precious:                            0.8400000000000001 : 7
Refined:                             0.8400000000000001 : 7
Summery:                             0.8400000000000001 : 7
Witty:                               0.8400000000000001 : 7
Summer:                              0.8400000000000001 : 7
Ironic:                              0.78 : 6
Sophisticated:                       0.78 : 6
Introspection:                       0.78 : 6
Sunday Afternoon:                    0.78 : 6
Folk-Pop:                            0.6599999999999999 : 4
Autumnal:                            0.6599999999999999 : 4
Delicate:                            0.6599999999999999 : 4
Detached:                            0.6599999999999999 : 4
Autumn:                              0.6599999999999999 : 4
Singer/Songwriter:                   0.6 : 3
