Freewheeling:                        0.9 : 9
Refined:                             0.9 : 9
Reflective:                          0.9 : 9
Warm:                                0.9 : 9
Weary:                               0.9 : 9
Feeling Blue:                        0.9 : 9
Introspection:                       0.9 : 9
Reflection:                          0.9 : 9
Regret:                              0.9 : 9
Nashville Sound/Countrypolitan:      0.84 : 8
Outlaw Country:                      0.84 : 8
Progressive Country:                 0.84 : 8
Calm/Peaceful:                       0.84 : 8
Melancholy:                          0.84 : 8
Plaintive:                           0.84 : 8
Poignant:                            0.84 : 8
Light:                               0.78 : 7
Organic:                             0.78 : 7
Self-Conscious:                      0.78 : 7
Sentimental:                         0.78 : 7
Traditional Country:                 0.72 : 6
Dramatic:                            0.72 : 6
Laid-Back/Mellow:                    0.72 : 6
Earnest:                             0.6599999999999999 : 5
Intimate:                            0.6599999999999999 : 5
Relaxed:                             0.6599999999999999 : 5
Reserved:                            0.6599999999999999 : 5
Smooth:                              0.6599999999999999 : 5
Wistful:                             0.6599999999999999 : 5
Gentle:                              0.6 : 4
Rustic:                              0.6 : 4
