Rock & Roll:                         0.9 : 9
Carefree:                            0.9 : 9
Exuberant:                           0.8400000000000001 : 8
Rollicking:                          0.8400000000000001 : 8
Joyous:                              0.78 : 7
Rockabilly:                          0.72 : 6
Celebratory:                         0.72 : 6
Amiable/Good-Natured:                0.6 : 4
