East Coast Rap:                      0.9 : 9
Golden Age:                          0.9 : 9
Hardcore Rap:                        0.9 : 9
Brash:                               0.9 : 9
Celebratory:                         0.9 : 9
Confident:                           0.9 : 9
Humorous:                            0.9 : 9
Swaggering:                          0.9 : 9
Cool & Cocky:                        0.9 : 9
Hanging Out:                         0.9 : 9
Partying:                            0.9 : 9
Fierce:                              0.825 : 8
Playful_mood:                        0.825 : 8
Rambunctious:                        0.825 : 8
Uncompromising:                      0.825 : 8
Urgent:                              0.825 : 8
Energetic:                           0.75 : 7
Visceral:                            0.75 : 7
Fiery:                               0.6749999999999999 : 6
Raucous:                             0.6749999999999999 : 6
Rousing:                             0.6 : 5
Street-Smart:                        0.6 : 5
