Hedonistic:                          0.9 : 8
Rousing:                             0.9 : 8
Slick:                               0.9 : 8
Stylish:                             0.9 : 8
Club:                                0.9 : 8
Club/Dance:                          0.8571428571428572 : 7
Dance-Pop:                           0.8571428571428572 : 7
Urban:                               0.8571428571428572 : 7
Aggressive:                          0.8571428571428572 : 7
Brash:                               0.8571428571428572 : 7
Brassy:                              0.8571428571428572 : 7
Celebratory:                         0.8571428571428572 : 7
Confident:                           0.8571428571428572 : 7
Nocturnal:                           0.8571428571428572 : 7
Sensual:                             0.8571428571428572 : 7
Sexual:                              0.8571428571428572 : 7
Sexy:                                0.8571428571428572 : 7
Street-Smart:                        0.8571428571428572 : 7
Girls Night Out:                     0.8571428571428572 : 7
Late Night:                          0.8571428571428572 : 7
Seduction:                           0.8571428571428572 : 7
Sex:                                 0.8571428571428572 : 7
TGIF:                                0.8571428571428572 : 7
Synth Pop:                           0.6857142857142857 : 3
Electronic/Computer Music:           0.6 : 1
