Bleak:                               0.9 : 9
Street-Smart:                        0.9 : 9
Dub:                                 0.8400000000000001 : 8
Political Reggae:                    0.8400000000000001 : 8
Roots Reggae:                        0.8400000000000001 : 8
Dreamy:                              0.8400000000000001 : 8
Organic:                             0.8400000000000001 : 8
Earnest:                             0.78 : 7
Late Night:                          0.78 : 7
Summer:                              0.78 : 7
Eerie:                               0.72 : 6
Club/Dance:                          0.6599999999999999 : 5
Atmospheric:                         0.6599999999999999 : 5
Delicate:                            0.6599999999999999 : 5
Earthy:                              0.6599999999999999 : 5
Eccentric:                           0.6599999999999999 : 5
Ethereal:                            0.6599999999999999 : 5
Gutsy:                               0.6599999999999999 : 5
Intimate:                            0.6599999999999999 : 5
Literate:                            0.6599999999999999 : 5
Ominous:                             0.6599999999999999 : 5
Plaintive:                           0.6599999999999999 : 5
Poignant:                            0.6599999999999999 : 5
Quirky:                              0.6599999999999999 : 5
Restrained:                          0.6599999999999999 : 5
Spacey:                              0.6599999999999999 : 5
Sparkling:                           0.6599999999999999 : 5
Stylish:                             0.6599999999999999 : 5
Summery:                             0.6599999999999999 : 5
Sweet:                               0.6599999999999999 : 5
Trippy:                              0.6599999999999999 : 5
Early Morning:                       0.6599999999999999 : 5
Empowering:                          0.6599999999999999 : 5
Feeling Blue:                        0.6599999999999999 : 5
Freedom:                             0.6599999999999999 : 5
Hanging Out:                         0.6599999999999999 : 5
Motivation:                          0.6599999999999999 : 5
Politics/Society:                    0.6599999999999999 : 5
Rainy Day:                           0.6599999999999999 : 5
Road Trip:                           0.6599999999999999 : 5
Reflective:                          0.6 : 4
