European Folk:                       0.9 : 9
Fado:                                0.9 : 9
Western European Traditions:         0.9 : 9
Dramatic:                            0.9 : 9
Romantic:                            0.9 : 9
In Love:                             0.9 : 9
Elegant:                             0.7999999999999999 : 8
Refined:                             0.7999999999999999 : 8
Searching:                           0.7999999999999999 : 8
Theatrical:                          0.7999999999999999 : 8
Laid-Back/Mellow:                    0.7000000000000001 : 7
Light:                               0.7000000000000001 : 7
Passionate:                          0.7000000000000001 : 7
Smooth:                              0.7000000000000001 : 7
Stylish:                             0.7000000000000001 : 7
Wistful:                             0.7000000000000001 : 7
Dinner Ambiance:                     0.7000000000000001 : 7
Bittersweet:                         0.6 : 6
Boisterous:                          0.6 : 6
Exuberant:                           0.6 : 6
Fiery:                               0.6 : 6
Plaintive:                           0.6 : 6
Yearning:                            0.6 : 6
