Gritty:                              0.9 : 9
Swaggering:                          0.9 : 9
Summer:                              0.9 : 9
New Orleans R&B:                     0.8400000000000001 : 8
Spicy:                               0.8400000000000001 : 8
Street-Smart:                        0.8400000000000001 : 8
Funk:                                0.78 : 7
Greasy:                              0.78 : 7
Cool & Cocky:                        0.78 : 7
Album Rock:                          0.72 : 6
Energetic:                           0.72 : 6
Road Trip:                           0.72 : 6
Rollicking:                          0.6599999999999999 : 5
Earthy:                              0.6 : 4
TGIF:                                0.6 : 4
