Celebratory:                         0.9 : 9
Rollicking:                          0.9 : 9
Swaggering:                          0.9 : 9
Drinking:                            0.9 : 9
Late Night:                          0.9 : 9
Partying:                            0.9 : 9
Playful:                             0.9 : 9
Early R&B:                           0.825 : 8
Jump Blues:                          0.825 : 8
Regional Blues:                      0.825 : 8
West Coast Blues:                    0.825 : 8
Exuberant:                           0.825 : 8
Fun:                                 0.825 : 8
Playful_mood:                        0.825 : 8
Freewheeling:                        0.75 : 7
Lively:                              0.75 : 7
Raucous:                             0.75 : 7
Rousing:                             0.75 : 7
Rock & Roll:                         0.6749999999999999 : 6
Boisterous:                          0.6749999999999999 : 6
Greasy:                              0.6749999999999999 : 6
Gutsy:                               0.6749999999999999 : 6
Urban Blues:                         0.6 : 5
Amiable/Good-Natured:                0.6 : 5
Confrontational:                     0.6 : 5
Energetic:                           0.6 : 5
Gritty:                              0.6 : 5
Urgent:                              0.6 : 5
