Dance-Pop:                           0.9000000000000001 : 9
Pop:                                 0.9000000000000001 : 9
Urban:                               0.9000000000000001 : 9
Playful_mood:                        0.9000000000000001 : 9
Slick:                               0.9000000000000001 : 9
Stylish:                             0.9000000000000001 : 9
Swaggering:                          0.9000000000000001 : 9
Girls Night Out:                     0.9000000000000001 : 9
Partying:                            0.9000000000000001 : 9
Carefree:                            0.8625 : 8
Aggressive:                          0.8250000000000001 : 7
Celebratory:                         0.8250000000000001 : 7
Confident:                           0.8250000000000001 : 7
Energetic:                           0.8250000000000001 : 7
Exciting:                            0.8250000000000001 : 7
Exuberant:                           0.8250000000000001 : 7
Fun:                                 0.8250000000000001 : 7
Rambunctious:                        0.8250000000000001 : 7
Urgent:                              0.8250000000000001 : 7
Celebration:                         0.8250000000000001 : 7
Club:                                0.8250000000000001 : 7
Mischievous:                         0.8250000000000001 : 7
Playful:                             0.8250000000000001 : 7
Sex:                                 0.8250000000000001 : 7
TGIF:                                0.8250000000000001 : 7
Angry:                               0.75 : 5
Humorous:                            0.75 : 5
Hypnotic:                            0.75 : 5
Intense:                             0.75 : 5
Quirky:                              0.75 : 5
In Love:                             0.75 : 5
Ironic:                              0.6 : 1
Sarcastic:                           0.6 : 1
Breakup:                             0.6 : 1
Heartache:                           0.6 : 1
Separation:                          0.6 : 1
