Classical Crossover:                 0.9000000000000001 : 9
Ambitious:                           0.9000000000000001 : 9
Intimate:                            0.9000000000000001 : 9
Romantic:                            0.9000000000000001 : 9
Comfort:                             0.9000000000000001 : 9
Reflection:                          0.9000000000000001 : 9
Relaxation:                          0.9000000000000001 : 9
Clinical:                            0.84 : 8
Melancholy:                          0.84 : 8
Sensual:                             0.84 : 8
Complex:                             0.78 : 7
Sentimental:                         0.78 : 7
Soothing:                            0.78 : 7
Sophisticated:                       0.78 : 7
Confident:                           0.72 : 6
Precious:                            0.72 : 6
Spiritual:                           0.72 : 6
Dramatic:                            0.6599999999999999 : 5
Reflective:                          0.6599999999999999 : 5
Theatrical:                          0.6599999999999999 : 5
Elegant:                             0.6 : 4
Reverent:                            0.6 : 4
