Film Music:                          0.9 : 8
Movie Themes:                        0.9 : 8
Original Score:                      0.9 : 8
Soundtracks:                         0.9 : 8
Passionate:                          0.8571428571428572 : 7
Rousing:                             0.8571428571428572 : 7
Theatrical:                          0.8571428571428572 : 7
Dramatic:                            0.8142857142857143 : 6
Earnest:                             0.8142857142857143 : 6
Earthy:                              0.8142857142857143 : 6
Energetic:                           0.8142857142857143 : 6
Organic:                             0.8142857142857143 : 6
Rambunctious:                        0.8142857142857143 : 6
Rollicking:                          0.8142857142857143 : 6
Whimsical:                           0.8142857142857143 : 6
Wistful:                             0.8142857142857143 : 6
Exuberant:                           0.7714285714285715 : 5
Romantic:                            0.7714285714285715 : 5
The Creative Side:                   0.7714285714285715 : 5
Adventure:                           0.6 : 1
