IDM:                                 0.9000000000000001 : 9
Techno:                              0.9000000000000001 : 9
Circular:                            0.9000000000000001 : 9
Clinical:                            0.9000000000000001 : 9
Confident:                           0.9000000000000001 : 9
Detached:                            0.9000000000000001 : 9
Elegant:                             0.9000000000000001 : 9
Hypnotic:                            0.9000000000000001 : 9
Lush:                                0.9000000000000001 : 9
Spacey:                              0.9000000000000001 : 9
Late Night:                          0.9000000000000001 : 9
Reflection:                          0.9000000000000001 : 9
Solitude:                            0.9000000000000001 : 9
Ambient Techno:                      0.825 : 8
Cold:                                0.825 : 8
Laid-Back/Mellow:                    0.825 : 8
Lively:                              0.825 : 8
Rousing:                             0.825 : 8
Trippy:                              0.825 : 8
Wintry:                              0.825 : 8
Electronica:                         0.75 : 7
Dreamy:                              0.75 : 7
Ethereal:                            0.75 : 7
Freewheeling:                        0.75 : 7
Nocturnal:                           0.75 : 7
Playful_mood:                        0.75 : 7
Restrained:                          0.75 : 7
Smooth:                              0.75 : 7
Introspection:                       0.75 : 7
Winter:                              0.75 : 7
Cerebral:                            0.6749999999999999 : 6
Reflective:                          0.6749999999999999 : 6
Soothing:                            0.6749999999999999 : 6
Wistful:                             0.6749999999999999 : 6
Ambient House:                       0.6 : 5
Gentle:                              0.6 : 5
