Instrumental Pop:                    0.9 : 8
Jazz-Pop:                            0.9 : 8
Orchestral/Easy Listening:           0.7499999999999999 : 7
Amiable/Good-Natured:                0.7499999999999999 : 7
Happy:                               0.7499999999999999 : 7
Laid-Back/Mellow:                    0.7499999999999999 : 7
Summery:                             0.7499999999999999 : 7
Hanging Out:                         0.7499999999999999 : 7
Carefree:                            0.6 : 6
Playful_mood:                        0.6 : 6
Whimsical:                           0.6 : 6
Relaxation:                          0.6 : 6
Summer:                              0.6 : 6
