Romantic:                            0.9 : 9
Sentimental:                         0.9 : 9
Cast Recordings:                     0.8400000000000001 : 8
Show Tunes:                          0.8400000000000001 : 8
Vocal Pop:                           0.8400000000000001 : 8
Refined:                             0.8400000000000001 : 8
Theatrical:                          0.8400000000000001 : 8
In Love:                             0.8400000000000001 : 8
Standards:                           0.78 : 7
Traditional Pop:                     0.78 : 7
Amiable/Good-Natured:                0.78 : 7
New Love:                            0.78 : 7
Innocent:                            0.72 : 6
Springlike:                          0.72 : 6
Sweet:                               0.72 : 6
Bright:                              0.66 : 5
Happy:                               0.66 : 5
Lively:                              0.66 : 5
Spring:                              0.66 : 5
Sunday Afternoon:                    0.66 : 5
Cheerful:                            0.6 : 4
