DJ/Toasting:                         0.9000000000000001 : 8
Summery:                             0.9000000000000001 : 8
Boisterous:                          0.7500000000000001 : 7
Celebratory:                         0.7500000000000001 : 7
Confident:                           0.7500000000000001 : 7
Amiable/Good-Natured:                0.6 : 6
Carefree:                            0.6 : 6
Exuberant:                           0.6 : 6
Freewheeling:                        0.6 : 6
