Early R&B:                           0.9 : 9
Dramatic:                            0.9 : 9
Passionate:                          0.9 : 9
Cool & Cocky:                        0.9 : 9
Partying:                            0.9 : 9
Sex:                                 0.9 : 9
TGIF:                                0.9 : 9
Electric Texas Blues:                0.8400000000000001 : 8
Regional Blues:                      0.8400000000000001 : 8
Soul-Blues:                          0.8400000000000001 : 8
Texas Blues:                         0.8400000000000001 : 8
Intense:                             0.8400000000000001 : 8
Sophisticated:                       0.78 : 7
Sensual:                             0.72 : 6
Fiery:                               0.66 : 5
Gritty:                              0.66 : 5
Rousing:                             0.66 : 5
Boisterous:                          0.6 : 4
