Sensual:                             0.9 : 9
Yearning:                            0.9 : 9
Contemporary R&B:                    0.8250000000000001 : 8
Neo-Soul:                            0.8250000000000001 : 8
Soul:                                0.8250000000000001 : 8
Urban:                               0.8250000000000001 : 8
Passionate:                          0.8250000000000001 : 8
Elaborate:                           0.75 : 7
Lush:                                0.75 : 7
Sexy:                                0.75 : 7
Slick:                               0.75 : 7
Seduction:                           0.75 : 7
Dramatic:                            0.6749999999999999 : 6
Elegant:                             0.6749999999999999 : 6
Romantic:                            0.6749999999999999 : 6
Smooth:                              0.6749999999999999 : 6
Dreamy:                              0.6 : 5
Sentimental:                         0.6 : 5
Street-Smart:                        0.6 : 5
Warm:                                0.6 : 5
